000000.000 Q-RX reset_input_buffer
000000.030 TX   0000  02 72 74 63 67 65 74 09  23 37 44 36 31 03        .rtcget.#7D61.  
000000.034 RX   0000  02 72 74 63 67 65 74 09  64 61                    .rtcget.da      
000000.034 RX   0000  32 30 31 36 2D 30 39 2D  32 33                    2016-09-23      
000000.034 RX   0000  3B 31 32 3A 32 39 09 23  37 33                    ;12:29.#73      
000001.038 RX   0000  41 45 03                                          AE.             
000001.049 TX   0000  02 72 74 63 73 65 74 09  64 61 32 30 31 36 2D 30  .rtcset.da2016-0
000001.049 TX   0010  39 2D 32 33 3B 31 32 3A  33 30 09 23 34 41 37 44  9-23;12:30.#4A7D
000001.049 TX   0020  03                                                .               
000001.060 RX   0000  02 72 74 63 73 65 74 09  23 41                    .rtcset.#A      
000002.061 RX   0000  43 33 37 03                                       C37.            
000002.063 TX   0000  02 72 74 63 67 65 74 09  23 37 44 36 31 03        .rtcget.#7D61.  
000002.065 RX   0000  02 72 74 63 67 65 74 09  64 61                    .rtcget.da      
000002.065 RX   0000  32 30 31 36 2D 30 39 2D  32 33                    2016-09-23      
000002.065 RX   0000  3B 31 32 3A 33 30 09 23  46 45                    ;12:30.#FE      
000003.069 RX   0000  30 36 03                                          06.             
